Random 3D polyope
A:
1,1,0
1,-1,0
-1,2,0
-1,-1,0
0,0,1
0,0,-1
b:
4
1
2
-0.5
1
0
**********
2D Simplex
A:
-1, 0
0, -1
1, 1
b:
0
0
1
**********
3D Simplex
A:
-1,0,0
0,-1,0
0,0,-1
1,1,1
b:
0
0
0
1
**********
10D Simplex
A:
-1,0,0,0,0,0,0,0,0,0
0,-1,0,0,0,0,0,0,0,0
0,0,-1,0,0,0,0,0,0,0
0,0,0,-1,0,0,0,0,0,0
0,0,0,0,-1,0,0,0,0,0
0,0,0,0,0,-1,0,0,0,0
0,0,0,0,0,0,-1,0,0,0
0,0,0,0,0,0,0,-1,0,0
0,0,0,0,0,0,0,0,-1,0
0,0,0,0,0,0,0,0,0,-1
1,1,1,1,1,1,1,1,1,1
b:
0
0
0
0
0
0
0
0
0
0
1
**********
3D Cross Polytope (octahedorn)
A:
1,0,0
-1,0,0
0,1,0
0,-1,0
0,0,1
0,0,-1
1,1,1
1,1,-1
1,-1,1
1,-1,-1
-1,1,1
-1,1,-1
-1,-1,1
-1,-1,-1
b:
1
1
1
1
1
1
1
1
1
1
1
1
1
1
**********
4D HyperCube
A:
1,0,0,0
-1,0,0,0
0,1,0,0
0,-1,0,0
0,0,1,0
0,0,-1,0
0,0,0,1
0,0,0,-1
b:
1
0
1
0
1
0
1
0
